533272103
540599579
541193107
585940011
1855917
227728884
16854396
1910687
17276594
61040965
71628704
1890840
11248172
20283572
21559961
33021938
39398737
1929847
25200314
28953144
216088239
217707519
218296422
1908201
1877451
1972050
1966052
1858295
1866013
2068120
9904984
53633587
1838016
1841558
23273427
41554576
1851528
1843307
1858186
18228429
1878903
1855850
1845376
1840226
1824614
108095014
1894218
1886340
142124841
1888274
2286916
894559476
1965441
2002704
6103335
1918719
8359684
1925542
41678185
1956832
2011666
1922634
1940988
1934234
5294451
1960695
2328512
1970038
5847509
5910641
5873011
